Grid 51
000650000
002009300
000040050
010000230
300007041
029000000
000400000
073000800
000015000
Grid 52
008004005
000102000
003000010
010000000
000050700
020008000
006000800
000600030
000070450
Grid 53
700100060
008060000
000000431
600057000
000400000
002003010
040030000
020000008
800009005
Grid 54
000000002
023000001
000068000
094500003
070010050
000000080
050740000
600000720
009000010
Grid 55
300800000
007002000
005000480
000060040
296050300
070000000
001000790
000100500
000040002
Grid 56
500004026
046005008
020800000
090070000
200000004
008010000
000001000
000000780
005900603
Grid 57
700002400
840600020
000070608
000300000
600800004
000069000
105090000
090008010
008100007
Grid 58
830740000
006000009
200600080
004008000
090000030
000100700
050002008
900000500
000010064
Grid 59
008100060
000000400
007008002
003000000
020009030
004070005
000400600
005000000
000062107
Grid 60
005000013
000009000
003800060
000010000
102008000
000070400
670900020
000006500
400000000
Grid 61
000083900
100000030
004000070
042030000
600000004
000070010
020000000
080009200
000250006
Grid 62
008004005
000102000
003000010
010000000
000050700
020008000
006000800
000600030
000070450
Grid 63
020008007
000000061
000090000
000600000
000170003
050000200
000000050
600300400
001040700
Grid 64
000002050
760000090
005000001
090005000
070000400
000100080
800000900
230050060
040601000
Grid 65
076000400
200190000
000000080
004030060
900050200
000000010
003000005
000008007
000700000
Grid 66
005000060
400030000
030700900
600900000
003000021
080000005
001800000
000041000
070000200
Grid 67
003000500
050200800
900010020
008000004
030004000
000900070
000050090
000008460
100003000
Grid 68
100340090
008000760
200000000
000008010
300000407
000500000
050000000
000080200
002060901
Grid 69
800000030
001004000
000700005
007010000
560300000
000052090
000000000
300000607
004080100
Grid 70
400500100
000007000
008300004
000002003
070000020
006800400
010003000
000900000
020000847
